232488932265751, 93844132799095, 203172424390144 @ 64, 273, 119
258285813391475, 225317967801013, 306162724914014 @ 14, -10, -22
377519381672953, 343737262245611, 485395777725108 @ -182, -80, -373
365097086044914, 416361503527803, 264542514358904 @ -183, -200, 23
291305609887232, 315163849280191, 151901888729030 @ -43, 536, 677
334688625758478, 403636231735879, 177847897718530 @ -85, -208, 145
167137216456431, 212273771288373, 263210959191120 @ 174, 112, 27
397844917897732, 378217266612772, 295890447879295 @ -199, -155, -26
392175702698418, 492130038157071, 483530393987223 @ -201, -344, -354
246111220186717, 331835662258043, 339196332976920 @ 79, 13, -157
295835820995953, 208478661747946, 294350358202168 @ -34, 131, -25
308931399532591, 201093447165733, 309340500476080 @ -43, -6, -21
410866947743435, 288957394353534, 530093237314403 @ -256, 37, -484
287998494771217, 405456681393709, 268487795935366 @ -23, -30, -10
235328890724635, 429090399801637, 420557113065022 @ 54, -242, -196
316668143091631, 194641026163477, 123777278497600 @ -58, 60, 209
322350058132474, 383938187403974, 271077094056952 @ -101, -117, 7
205628794473939, 65798466169913, 349618005073144 @ 107, 325, -107
220778147383829, 238899445557121, 257185317822393 @ 74, 26, 36
169417258436161, 48518220622789, 356202387641824 @ 158, 334, -113
251021935864831, 329752102508545, 287531720605156 @ 52, -33, -22
160212999930394, 108236095806385, 131444192513773 @ 103, 58, 156
291057892327271, 453852993556389, 294768598412160 @ -33, -282, -91
267872311095081, 400897623458189, 324134896109438 @ 71, -38, -264
178408807050973, 111633580722111, 406901039645558 @ 115, 147, -150
298545280518591, 145280905123003, 112770495784174 @ -36, 167, 244
258414939949074, 380339014194396, 102903977202915 @ 153, 151, 972
417149881935393, 338639950544731, 277468610103528 @ -175, -139, 11
209395335457307, 333140170987540, 121789304769900 @ 144, -25, 323
334709170982359, 226746149063769, 235879278562956 @ -98, 97, 72
247259058641519, 293316705831901, 235538165916576 @ 98, 191, 105
278069162870523, 356131272792361, 268220067309888 @ 5, -19, 11
239215631862251, 409906664993825, 227142512229272 @ 69, -197, 93
308062714084615, 394760703507774, 244274349703802 @ -188, 189, 165
220473273345793, 227617299907957, 193164343978345 @ 90, 94, 142
326860684965651, 504586380553981, 286624863719744 @ -87, -364, -13
309631584869481, 276344268497247, 209032580352850 @ -163, 855, 364
297754847198133, 223461781232370, 272087018183189 @ -30, -53, 20
279683102683063, 410428539224747, 293142298770194 @ 40, 45, -220
280607364554683, 469362192705385, 189083547454678 @ -10, -300, 136
322271525956513, 260495283051493, 210958355254948 @ -55, -82, 81
312576019279183, 366671273802421, 225051792579448 @ -168, 226, 241
278344106460439, 444405015046969, 236410139502532 @ 14, -247, 122
356339401264939, 217235042585287, 248113627643500 @ -162, 209, 57
170885457577423, 425540899550821, 137665209122848 @ 123, -242, 182
299918847601065, 161516386222953, 303958185525178 @ -33, 28, -14
295920579118623, 402511474355301, 292338402824688 @ -85, 102, -211
291392661274255, 444357771003629, 172911651108072 @ -26, -263, 164
116434099565227, 170343651908687, 132483076186201 @ 256, 180, 238
257024565190236, 336016713187813, 273073842944015 @ 81, 110, -10
250717154065311, 226749300539285, 265893547662970 @ 44, 118, 22
397021766539897, 541491974234169, 482821900723090 @ -359, -552, -656
307413053345080, 406590795581701, 264107942276452 @ -91, -114, 19
313374458336953, 402039977461817, 151191211487988 @ -65, -188, 221
249084718450195, 280538031725773, 187971254300200 @ 58, 74, 179
303190150848589, 306965195163151, 150180713353588 @ -87, 341, 501
72722591328730, 247317056750077, 100881759487777 @ 207, -58, 200
285449187948157, 357159357263675, 268327242612701 @ -14, 12, 8
335687316103111, 85229696621901, 279497060807260 @ -74, 136, 10
318906546957143, 388669706209781, 407092432110286 @ -60, -194, -155
193146035703703, 290611460016493, 28644855497968 @ 110, -52, 351
244958117051379, 118373003885245, 437972870368847 @ 32, 134, -186
352718974926388, 199072556572406, 227833585380123 @ -149, 225, 96
262610356183551, 365288669939301, 208391702722944 @ 72, 46, 225
313704798689900, 243560130892568, 288424785727567 @ -57, 19, -8
317790438991977, 403124593398175, 300750068418851 @ -174, -28, -172
307642223797092, 267628264364317, 191733401661109 @ -49, -10, 130
304293320514751, 357940888662821, 252533667412308 @ -92, 126, 66
259975536162589, 328071858267868, 248448013956517 @ 18, -103, 48
403802824613475, 265319157227235, 466249900456538 @ -238, 75, -354
342159636254019, 364809900946317, 269223067040506 @ -78, -182, 22
282747467378377, 249452793411002, 295075854776252 @ -14, -15, -13
285025778684727, 373755173279438, 242391621630791 @ -12, -15, 92
239408846352637, 156897410231103, 272500788402723 @ 82, 352, 6
289118458835811, 163892337549467, 281825153666498 @ -22, 67, 6
284634376336668, 393148216448271, 312593492615068 @ -9, -44, -173
259443652463223, 350248582112771, 303525132203298 @ 152, 349, -232
199222977810651, 102214857535429, 198214382174196 @ 83, 134, 104
280240910167336, 398330480603635, 260166756215100 @ 31, 104, 35
276868807383981, 387692539132851, 283800512455145 @ 18, -44, -52
298379134152103, 453831699696766, 245992670479348 @ -124, -295, 171
293107244544538, 344527311621998, 261487522886810 @ -35, 9, 29
200248679303050, 438268766605690, 273297483730336 @ 91, -257, 15
274164200536022, 320995027809765, 259710161643971 @ -7, -146, 32
203205445052593, 256030773917698, 457256740232518 @ 70, -65, -179
276639290029303, 534356680565741, 94360012445298 @ -8, -366, 216
292041458511529, 249524881562308, 237677888013118 @ -26, -11, 61
230700233465219, 263483581843071, 300673697853910 @ 78, 51, -38
302175812530424, 394140833972451, 260980590801387 @ -79, -44, 30
325178250224867, 131626422107798, 240999107974875 @ -64, 99, 54
275118433492007, 158920073583977, 214838753790152 @ 24, 772, 195
192413401660781, 161847135165119, 374043470933872 @ 141, 217, -161
124893920958156, 152762681111872, 336381529366599 @ 197, 125, -70
230796539167500, 332530051552396, 261789263238626 @ 87, -49, 29
269965292125375, 279693914248636, 194688844596829 @ 12, 41, 152
239859666866650, 214245347030083, 311665533475510 @ 79, 220, -75
303391833537373, 472424012290621, 280009331866273 @ -198, -506, -184
190580191615963, 197616308835241, 209107421724883 @ 192, 282, 144
289635939111701, 389879923347837, 273760449440018 @ -31, 34, -34
314655741904573, 397352815256246, 217715427947623 @ -170, 25, 268
206441280717292, 256994780135331, 253824585414719 @ 109, 36, 42
287736394006711, 430949285352333, 258897717236320 @ -23, -71, 49
265135860875956, 137838956662441, 445696933407952 @ 7, 106, -193
292300588328083, 470775103359977, 184438904292908 @ -35, -333, 266
155640421819913, 233659822093416, 275937270759253 @ 110, -59, 16
260968894935621, 300168242282967, 328856266364934 @ 27, -5, -90
283095444416803, 345041031607346, 263620981234328 @ -8, 21, 23
244374721326266, 217315278367855, 328819518851180 @ 23, -40, -37
278708055042564, 8097846142098, 286899214031425 @ -7, 387, -8
229499522274067, 388209625023607, 282259229837233 @ 128, -112, -24
262030024995578, 199789459527992, 225895190353312 @ 15, 73, 79
237790861819573, 385434280197421, 394942634030398 @ 34, -202, -115
267032271873929, 396935312907769, 326266697331350 @ 74, -22, -271
308914496870551, 363272726843989, 254213181575944 @ -109, 92, 58
256765678036093, 164390079705950, 257664154774675 @ 10, 7, 34
287541122146396, 341950665342286, 304268146067983 @ -21, 721, -364
309715391501445, 194336423162967, 226291009448414 @ -42, -20, 65
171588088554267, 270866265958700, 221783524680349 @ 96, -93, 70
309680180837506, 328238627073088, 295790148764300 @ -53, -91, -21
337343811557066, 371381255951562, 469859455418375 @ -99, -147, -300
193845344005327, 251451891325249, 330053311634608 @ 88, -43, -49
259968011783845, 340961710997392, 446239799269519 @ 82, 137, -658
255089815770043, 268007097141541, 377054256730018 @ 42, 78, -192
440389675563927, 559763826796813, 275344572728728 @ -177, -385, 16
275733401340343, 355701503915485, 282955925836060 @ 10, -28, -26
253765744832815, 339403812469061, 343490851896126 @ 28, -114, -87
158333456574583, 251481765798901, 360036403296448 @ 149, -12, -99
327727038354918, 362608634950241, 252310588577658 @ -87, -126, 45
99406379893173, 99715183494971, 172205513546198 @ 237, 207, 152
261477705325489, 84478234795501, 363910453797610 @ 21, 306, -132
280864653479275, 142277796039493, 51340348817284 @ -11, 150, 318
330603434142457, 353626200594347, 197342433503733 @ -146, 12, 216
279700138065071, 210034666188921, 298418144915314 @ -12, -24, -8
288568016083345, 385857826045732, 269259042373063 @ -26, 73, -14
173916109352203, 282684279815563, 3653061329038 @ 150, -21, 416
407010506162533, 368216736082951, 325544832940453 @ -258, -108, -98
311591588114682, 232616058006312, 488308764892836 @ -51, 7, -261
207172487059407, 288392738526129, 207586592329832 @ 128, 27, 129
284130818424525, 349318447992183, 273931006166840 @ -9, 67, -13
284791302254479, 385631037428821, 325400839099576 @ -16, -174, -67
259538834665849, 27041771215039, 230772532035750 @ 7, 137, 60
346262436799162, 321785884575397, 244501287774520 @ -107, -82, 55
122768705875207, 213122184771251, 258116991409416 @ 232, 91, 35
253796244262583, 348194430149458, 188416165688682 @ 20, -151, 117
222942279943419, 335338367573913, 234325887438144 @ 107, -45, 83
282555507927952, 484862313106996, 352476704770675 @ -9, -349, -176
375896210936575, 256786684513741, 392902063160212 @ -188, 96, -220
273505067920501, 380221601804626, 244208502550588 @ 98, 331, 171
254199687239090, 253006536829854, 246819936520690 @ 23, -17, 49
445725864798484, 344511232589842, 240825322275505 @ -187, -161, 52
275301826213333, 217934163490447, 248601602549158 @ -5, 15, 46
294721753875642, 366816864474000, 342848707480662 @ -39, -53, -183
378566984552053, 426305419866246, 308323965272457 @ -110, -249, -16
237803050146575, 441122799555657, 300337519314894 @ 84, -252, -52
238559096890249, 144086233238809, 199342923468427 @ 62, 242, 134
219712243563362, 268099430835219, 187402190313421 @ 149, 184, 214
208776366610375, 249000079357843, 241921984105780 @ 72, -37, 53
301206206338455, 356825145477335, 341751224644102 @ -96, 249, -416
300173303783273, 225611007286071, 286886135990098 @ -39, 63, -8
327245018014543, 311305226061301, 212799118339888 @ -123, 89, 155
246746501143623, 264213073069521, 61636806843648 @ 74, 159, 491
293983729669532, 463900669795674, 257206466506544 @ -139, -497, 95
307729077560287, 425825398959873, 409161095289916 @ -68, -213, -320
265531040058380, 339349561216036, 287897592781514 @ 59, 131, -67
235839051509273, 224616862247601, 298908645447095 @ 30, -54, -6
314597982840799, 132084365981989, 259868229989744 @ -83, 467, 33
305761651009944, 370588803442802, 315894243377414 @ -127, 199, -291
227626491411703, 104755424806525, 267707858125962 @ 40, 74, 24
335924731025227, 503730597081956, 284977592201350 @ -248, -519, -83
352861068028865, 344406219584070, 344623812371687 @ -222, 57, -228
272902430557774, 413725059095482, 229844978265376 @ 123, 99, 335
270303443801248, 423963327562811, 247789931824858 @ 115, -56, 133
366871003603627, 331970473360173, 249942514919724 @ -182, -30, 53
237686265945871, 496089687361469, 329317976483400 @ 46, -333, -60
273410258172362, 418244424893828, 259489912215678 @ 93, -5, 41
229384943170017, 295497388788529, 312771880349612 @ 38, -118, -21
294182151152894, 450601942041165, 263278318719788 @ -73, -266, 11
283697605622425, 426732364823101, 190420286304319 @ -14, -234, 144
215267416447447, 194753358316535, 322585092120256 @ 64, 25, -41
249950405039707, 232441578404047, 427763320771078 @ 26, -5, -174
308045071908399, 304123049590541, 310489021323728 @ -78, 141, -109
289533666509857, 244148106047733, 257226067368258 @ -23, 22, 36
220900414001148, 262573993094986, 162315768406808 @ 245, 479, 423
274550741296853, 334595550368065, 245274485750884 @ 15, 44, 73
315449008364845, 514841344199445, 322514196494876 @ -98, -450, -141
252328423031263, 318165352459141, 246822148151728 @ 86, 129, 73
305539060371419, 207160843226875, 306824174372256 @ -42, 23, -25
231397542908905, 281445615773633, 247241164979427 @ 34, -110, 44
319224433742793, 436015915983266, 299670462917203 @ -238, -167, -236
242788043361667, 323515408072669, 303432540588232 @ 72, -10, -57
234197527606483, 368729032029163, 359212417275427 @ 120, -56, -228
243276120850297, 461122660200319, 320535252289006 @ 59, -291, -76
349464422678955, 163465283740453, 240719863501928 @ -82, 14, 51
318807087172303, 551632593074326, 325444061628763 @ -100, -529, -134
464401424337725, 229921661415313, 416309159355408 @ -202, -46, -129
289638235773940, 274543674359035, 365701722503212 @ -29, 448, -397
270303312178870, 334652101455181, 283706710431463 @ 21, 6, -24
265449104163949, 379976624798165, 242005442950422 @ 7, -186, 54
284459516655499, 294880490057830, 418214031708820 @ -16, -63, -181
244908467709563, 210352411494511, 357792752359198 @ 26, -13, -74
300210322544629, 91971555534595, 449683557086851 @ -34, 120, -176
328493235469638, 264463199209980, 417632019349699 @ -115, 159, -332
202931316433840, 82369390729372, 89030608543783 @ 199, 683, 476
155489980680442, 91295034379147, 326366261622802 @ 177, 264, -67
240193392937915, 66685563071809, 167763241540978 @ 74, 492, 216
308719307165143, 139663965597001, 129725098830448 @ -46, 107, 191
271995085755838, 373533934847791, 265875948691643 @ 31, -16, 14
242141653237565, 196686363770130, 380528041312524 @ 42, 75, -133
314663563332499, 300793944164677, 297040893877216 @ -59, -58, -21
269523791840857, 410774064111943, 315739442835988 @ 133, 75, -439
276472483303288, 467026310133376, 274071359096908 @ 49, -371, -53
317888097288403, 125052168688091, 277651341809748 @ -56, 112, 11
285439213599967, 424069327081413, 212764212575616 @ -8, -108, 320
294045614099175, 250699079389354, 369873448031956 @ -28, -31, -101
313471368204661, 215921382633195, 292112778899222 @ -59, 79, -16
310789072654859, 403366092590161, 230518909730320 @ -187, 71, 247
245424137850843, 348513489886561, 311329732298783 @ 24, -166, -22
254980872433743, 220414547273851, 275333189764084 @ 20, 11, 13
175022119483899, 229377683166785, 242710948754164 @ 111, -15, 52
300603719538815, 425275361046437, 314115258627984 @ -39, -236, -46
358755596659231, 200312890314085, 294164128269808 @ -148, 177, -29
385569617033612, 174435311374391, 301933954889193 @ -151, 96, -24
282219383198047, 490707380020741, 215781338537080 @ -12, -334, 100
288128901946127, 240824624140613, 195118560453072 @ -21, 28, 125
129153395004769, 95280384784365, 116291641784402 @ 163, 138, 198
242060273560796, 341353145397925, 442213185621756 @ 59, -82, -285
289741786180567, 367768868628853, 309919525004056 @ -27, -20, -118
327018670073098, 310688539764922, 227476950773137 @ -95, -7, 94
240962351221060, 363225938414338, 252345374878984 @ 113, -21, 55
294049735298464, 388848825478987, 272046749087131 @ -51, 20, -22
281979198197815, 391972959507157, 253034155853872 @ 31, 284, 103
306576115229403, 384196547564161, 159177800003528 @ -66, -112, 275
278323300307110, 453468917633899, 189189815938714 @ 49, -288, 573
278429815311849, 245467107431081, 299638594551084 @ 11, 436, -103
282423587675187, 239883190559813, 157007764264188 @ -13, 22, 176
279598613828800, 352784997645226, 252898390164625 @ 43, 521, 94
274754077857973, 333303985465821, 102692952205118 @ -5, -134, 218
273898463693015, 124909305117485, 373823186362972 @ -6, 64, -86
280778810280626, 417410247954265, 254078586616451 @ 29, -22, 80
265350146910808, 364337077828597, 253197243393937 @ 65, 62, 60
300981131067998, 362731487536553, 306801460273043 @ -45, -110, -54
226800873500615, 253775646779637, 274292656811234 @ 56, -26, 14
84874211698612, 280631585914126, 38006006012074 @ 211, -79, 285
212201593841741, 256909851534797, 200041488310960 @ 99, 34, 127
286451876372845, 382273441793146, 298586284583464 @ -14, 151, -201
283535856084277, 406178811461051, 326247325034832 @ 19, 181, -625
298764354169574, 544977920464675, 284742230990273 @ -79, -760, -94
277621950428866, 458914833533748, 232309872393029 @ 19, -303, 144
301378083213473, 295611800091136, 188603818930658 @ -90, 509, 393
273102048216625, 388549553995011, 218723870171606 @ 97, 241, 374
270072424723266, 41177034350670, 163299231204070 @ 11, 459, 205
155448637590903, 142079863637141, 296812159044288 @ 119, 52, -7
338494224236757, 262722410265819, 323577844464336 @ -163, 255, -145
236620892827183, 249651217394827, 274068304109791 @ 60, 44, 10
314001785048143, 360837143876161, 231502704265096 @ -80, -69, 97
274592091037663, 307184389945621, 231384826371568 @ 8, 41, 95
307683624332623, 258004960840213, 321488847922048 @ -45, -35, -44
243043897280597, 279261076320959, 327022954884518 @ 57, 25, -84
338856276453611, 406213486084055, 377805468637676 @ -114, -191, -183
62238475686228, 292711627094820, 174902620713425 @ 245, -87, 132
230552962560949, 133826804633125, 469283116906186 @ 43, 78, -200
220348718963647, 73584953686200, 173384086231523 @ 76, 267, 156
271928604564301, 380908770698461, 263994318334600 @ 37, -14, 19
281248308250406, 406071695112308, 253286331023901 @ 29, 87, 90
155486675085898, 122197336071946, 281701944689848 @ 131, 103, 7
297724676148718, 339860008189561, 346021959282778 @ -41, -46, -143
277088392704295, 221500195678423, 220222520702330 @ -8, -7, 78
286479625187559, 183361302561973, 309245728473112 @ -19, 8, -20
315441938413475, 149396644498281, 461230736422736 @ -58, 136, -241
278603583818463, 381278317266271, 262385798958028 @ 12, -19, 25
342337134676383, 492016299419333, 283477545400880 @ -160, -377, -27
261523684961523, 337982529652196, 351405932146698 @ 24, -81, -123
337612117484991, 543814396981125, 535560364285696 @ -106, -432, -440
199768884728879, 366265877892765, 77909235826574 @ 132, -126, 348
219085600150100, 369862134496229, 258175712534892 @ 87, -146, 35
275256446473813, 269873789105986, 308558890095973 @ -6, -65, -24
351310108719847, 560952720121039, 442950212722678 @ -176, -541, -414
174944974364343, 438920974770641, 342373688095948 @ 104, -260, -59
326237872166528, 196878205856506, 276099774649848 @ -121, 389, -9
227857654521343, 447365766842101, 491931608662368 @ 64, -268, -295
223700500069599, 311214959810740, 379229390724627 @ 44, -133, -88
226493278680683, 295794793819563, 200663592474010 @ 50, -95, 100
272977409809307, 120223100299447, 65608549938682 @ 8, 368, 409
24908486452909, 161025378311074, 159818881967551 @ 326, 109, 164
292528132155931, 392253244175869, 309903968677984 @ -37, -76, -133
241858777069911, 334356143990745, 274068859569232 @ 62, -63, 7
249077436389929, 228170380524169, 399136656964222 @ 26, -6, -135
290923234666263, 204101829266236, 271644220668023 @ -28, 293, 6
230941820372063, 208717953277253, 423842896505380 @ 60, 70, -200
182199120571468, 13656351867534, 325874159981963 @ 85, 163, -34
343656784757405, 202527256576924, 160047117228350 @ -106, 107, 185
412047875778493, 242079862849487, 434271353439144 @ -155, -47, -157
303144209264344, 493273737272310, 110331866552947 @ -83, -441, 634
283536596695168, 425063122180741, 277776237219433 @ 41, 142, -236
290417684867995, 444089108216509, 259172354870080 @ -43, -216, 43
180734510298111, 259186437441369, 170229274463678 @ 92, -72, 126
287249163027872, 405641366190818, 276178379667483 @ -19, -21, -54
279175951100450, 436409630900273, 272788468600058 @ 69, -110, -99
270205072587067, 305360958111502, 313843647074479 @ 88, 643, -302
219645750829623, 349943273898121, 168881798959397 @ 180, 26, 302